              precision    recall  f1-score   support

           0       1.00      0.95      0.98        42
           1       1.00      0.99      0.99       444
           2       0.99      0.96      0.98       450
           3       0.96      0.99      0.98       282
           4       1.00      0.99      0.99       396
           5       0.93      0.98      0.95       372
           6       1.00      1.00      1.00        84
           7       1.00      0.96      0.98       288
           8       0.97      1.00      0.98       282
           9       1.00      0.99      0.99       294
          10       0.99      1.00      1.00       402
          11       0.99      0.98      0.99       264
          12       1.00      1.00      1.00       420
          13       1.00      1.00      1.00       432
          14       1.00      0.99      1.00       156
          15       0.99      0.98      0.99       126
          16       1.00      1.00      1.00        84
          17       1.00      1.00      1.00       222
          18       0.99      0.99      0.99       240
          19       1.00      0.98      0.99        42
          20       0.97      0.97      0.97        72
          21       0.98      0.94      0.96        66
          22       1.00      1.00      1.00        78
          23       0.96      0.98      0.97       102
          24       1.00      1.00      1.00        54
          25       0.99      0.99      0.99       300
          26       0.99      0.98      0.99       120
          27       1.00      0.98      0.99        48
          28       1.00      0.96      0.98       108
          29       0.96      1.00      0.98        54
          30       0.96      0.98      0.97        90
          31       0.96      0.98      0.97       156
          32       1.00      0.98      0.99        48
          33       0.99      1.00      0.99       138
          34       0.99      1.00      0.99        84
          35       1.00      1.00      1.00       240
          36       1.00      0.99      0.99        78
          37       1.00      0.98      0.99        42
          38       1.00      0.99      1.00       414
          39       1.00      0.98      0.99        60
          40       0.95      1.00      0.97        72
          41       1.00      1.00      1.00        48
          42       1.00      1.00      1.00        48

    accuracy                           0.99      7842
   macro avg       0.99      0.99      0.99      7842
weighted avg       0.99      0.99      0.99      7842
